<!DOCTYPE html>
<html>
<head>
<meta http-equiv="Content-Type" content="text/html; charset=utf-8"/>

<title>Introduction to mbend</title>

<script type="text/javascript">
window.onload = function() {
  var imgs = document.getElementsByTagName('img'), i, img;
  for (i = 0; i < imgs.length; i++) {
    img = imgs[i];
    // center an image if it is the only element of its parent
    if (img.parentElement.childElementCount === 1)
      img.parentElement.style.textAlign = 'center';
  }
};
</script>

<!-- Styles for R syntax highlighter -->
<style type="text/css">
   pre .operator,
   pre .paren {
     color: rgb(104, 118, 135)
   }

   pre .literal {
     color: #990073
   }

   pre .number {
     color: #099;
   }

   pre .comment {
     color: #998;
     font-style: italic
   }

   pre .keyword {
     color: #900;
     font-weight: bold
   }

   pre .identifier {
     color: rgb(0, 0, 0);
   }

   pre .string {
     color: #d14;
   }
</style>

<!-- R syntax highlighter -->
<script type="text/javascript">
var hljs=new function(){function m(p){return p.replace(/&/gm,"&amp;").replace(/</gm,"&lt;")}function f(r,q,p){return RegExp(q,"m"+(r.cI?"i":"")+(p?"g":""))}function b(r){for(var p=0;p<r.childNodes.length;p++){var q=r.childNodes[p];if(q.nodeName=="CODE"){return q}if(!(q.nodeType==3&&q.nodeValue.match(/\s+/))){break}}}function h(t,s){var p="";for(var r=0;r<t.childNodes.length;r++){if(t.childNodes[r].nodeType==3){var q=t.childNodes[r].nodeValue;if(s){q=q.replace(/\n/g,"")}p+=q}else{if(t.childNodes[r].nodeName=="BR"){p+="\n"}else{p+=h(t.childNodes[r])}}}if(/MSIE [678]/.test(navigator.userAgent)){p=p.replace(/\r/g,"\n")}return p}function a(s){var r=s.className.split(/\s+/);r=r.concat(s.parentNode.className.split(/\s+/));for(var q=0;q<r.length;q++){var p=r[q].replace(/^language-/,"");if(e[p]){return p}}}function c(q){var p=[];(function(s,t){for(var r=0;r<s.childNodes.length;r++){if(s.childNodes[r].nodeType==3){t+=s.childNodes[r].nodeValue.length}else{if(s.childNodes[r].nodeName=="BR"){t+=1}else{if(s.childNodes[r].nodeType==1){p.push({event:"start",offset:t,node:s.childNodes[r]});t=arguments.callee(s.childNodes[r],t);p.push({event:"stop",offset:t,node:s.childNodes[r]})}}}}return t})(q,0);return p}function k(y,w,x){var q=0;var z="";var s=[];function u(){if(y.length&&w.length){if(y[0].offset!=w[0].offset){return(y[0].offset<w[0].offset)?y:w}else{return w[0].event=="start"?y:w}}else{return y.length?y:w}}function t(D){var A="<"+D.nodeName.toLowerCase();for(var B=0;B<D.attributes.length;B++){var C=D.attributes[B];A+=" "+C.nodeName.toLowerCase();if(C.value!==undefined&&C.value!==false&&C.value!==null){A+='="'+m(C.value)+'"'}}return A+">"}while(y.length||w.length){var v=u().splice(0,1)[0];z+=m(x.substr(q,v.offset-q));q=v.offset;if(v.event=="start"){z+=t(v.node);s.push(v.node)}else{if(v.event=="stop"){var p,r=s.length;do{r--;p=s[r];z+=("</"+p.nodeName.toLowerCase()+">")}while(p!=v.node);s.splice(r,1);while(r<s.length){z+=t(s[r]);r++}}}}return z+m(x.substr(q))}function j(){function q(x,y,v){if(x.compiled){return}var u;var s=[];if(x.k){x.lR=f(y,x.l||hljs.IR,true);for(var w in x.k){if(!x.k.hasOwnProperty(w)){continue}if(x.k[w] instanceof Object){u=x.k[w]}else{u=x.k;w="keyword"}for(var r in u){if(!u.hasOwnProperty(r)){continue}x.k[r]=[w,u[r]];s.push(r)}}}if(!v){if(x.bWK){x.b="\\b("+s.join("|")+")\\s"}x.bR=f(y,x.b?x.b:"\\B|\\b");if(!x.e&&!x.eW){x.e="\\B|\\b"}if(x.e){x.eR=f(y,x.e)}}if(x.i){x.iR=f(y,x.i)}if(x.r===undefined){x.r=1}if(!x.c){x.c=[]}x.compiled=true;for(var t=0;t<x.c.length;t++){if(x.c[t]=="self"){x.c[t]=x}q(x.c[t],y,false)}if(x.starts){q(x.starts,y,false)}}for(var p in e){if(!e.hasOwnProperty(p)){continue}q(e[p].dM,e[p],true)}}function d(B,C){if(!j.called){j();j.called=true}function q(r,M){for(var L=0;L<M.c.length;L++){if((M.c[L].bR.exec(r)||[null])[0]==r){return M.c[L]}}}function v(L,r){if(D[L].e&&D[L].eR.test(r)){return 1}if(D[L].eW){var M=v(L-1,r);return M?M+1:0}return 0}function w(r,L){return L.i&&L.iR.test(r)}function K(N,O){var M=[];for(var L=0;L<N.c.length;L++){M.push(N.c[L].b)}var r=D.length-1;do{if(D[r].e){M.push(D[r].e)}r--}while(D[r+1].eW);if(N.i){M.push(N.i)}return f(O,M.join("|"),true)}function p(M,L){var N=D[D.length-1];if(!N.t){N.t=K(N,E)}N.t.lastIndex=L;var r=N.t.exec(M);return r?[M.substr(L,r.index-L),r[0],false]:[M.substr(L),"",true]}function z(N,r){var L=E.cI?r[0].toLowerCase():r[0];var M=N.k[L];if(M&&M instanceof Array){return M}return false}function F(L,P){L=m(L);if(!P.k){return L}var r="";var O=0;P.lR.lastIndex=0;var M=P.lR.exec(L);while(M){r+=L.substr(O,M.index-O);var N=z(P,M);if(N){x+=N[1];r+='<span class="'+N[0]+'">'+M[0]+"</span>"}else{r+=M[0]}O=P.lR.lastIndex;M=P.lR.exec(L)}return r+L.substr(O,L.length-O)}function J(L,M){if(M.sL&&e[M.sL]){var r=d(M.sL,L);x+=r.keyword_count;return r.value}else{return F(L,M)}}function I(M,r){var L=M.cN?'<span class="'+M.cN+'">':"";if(M.rB){y+=L;M.buffer=""}else{if(M.eB){y+=m(r)+L;M.buffer=""}else{y+=L;M.buffer=r}}D.push(M);A+=M.r}function G(N,M,Q){var R=D[D.length-1];if(Q){y+=J(R.buffer+N,R);return false}var P=q(M,R);if(P){y+=J(R.buffer+N,R);I(P,M);return P.rB}var L=v(D.length-1,M);if(L){var O=R.cN?"</span>":"";if(R.rE){y+=J(R.buffer+N,R)+O}else{if(R.eE){y+=J(R.buffer+N,R)+O+m(M)}else{y+=J(R.buffer+N+M,R)+O}}while(L>1){O=D[D.length-2].cN?"</span>":"";y+=O;L--;D.length--}var r=D[D.length-1];D.length--;D[D.length-1].buffer="";if(r.starts){I(r.starts,"")}return R.rE}if(w(M,R)){throw"Illegal"}}var E=e[B];var D=[E.dM];var A=0;var x=0;var y="";try{var s,u=0;E.dM.buffer="";do{s=p(C,u);var t=G(s[0],s[1],s[2]);u+=s[0].length;if(!t){u+=s[1].length}}while(!s[2]);if(D.length>1){throw"Illegal"}return{r:A,keyword_count:x,value:y}}catch(H){if(H=="Illegal"){return{r:0,keyword_count:0,value:m(C)}}else{throw H}}}function g(t){var p={keyword_count:0,r:0,value:m(t)};var r=p;for(var q in e){if(!e.hasOwnProperty(q)){continue}var s=d(q,t);s.language=q;if(s.keyword_count+s.r>r.keyword_count+r.r){r=s}if(s.keyword_count+s.r>p.keyword_count+p.r){r=p;p=s}}if(r.language){p.second_best=r}return p}function i(r,q,p){if(q){r=r.replace(/^((<[^>]+>|\t)+)/gm,function(t,w,v,u){return w.replace(/\t/g,q)})}if(p){r=r.replace(/\n/g,"<br>")}return r}function n(t,w,r){var x=h(t,r);var v=a(t);var y,s;if(v){y=d(v,x)}else{return}var q=c(t);if(q.length){s=document.createElement("pre");s.innerHTML=y.value;y.value=k(q,c(s),x)}y.value=i(y.value,w,r);var u=t.className;if(!u.match("(\\s|^)(language-)?"+v+"(\\s|$)")){u=u?(u+" "+v):v}if(/MSIE [678]/.test(navigator.userAgent)&&t.tagName=="CODE"&&t.parentNode.tagName=="PRE"){s=t.parentNode;var p=document.createElement("div");p.innerHTML="<pre><code>"+y.value+"</code></pre>";t=p.firstChild.firstChild;p.firstChild.cN=s.cN;s.parentNode.replaceChild(p.firstChild,s)}else{t.innerHTML=y.value}t.className=u;t.result={language:v,kw:y.keyword_count,re:y.r};if(y.second_best){t.second_best={language:y.second_best.language,kw:y.second_best.keyword_count,re:y.second_best.r}}}function o(){if(o.called){return}o.called=true;var r=document.getElementsByTagName("pre");for(var p=0;p<r.length;p++){var q=b(r[p]);if(q){n(q,hljs.tabReplace)}}}function l(){if(window.addEventListener){window.addEventListener("DOMContentLoaded",o,false);window.addEventListener("load",o,false)}else{if(window.attachEvent){window.attachEvent("onload",o)}else{window.onload=o}}}var e={};this.LANGUAGES=e;this.highlight=d;this.highlightAuto=g;this.fixMarkup=i;this.highlightBlock=n;this.initHighlighting=o;this.initHighlightingOnLoad=l;this.IR="[a-zA-Z][a-zA-Z0-9_]*";this.UIR="[a-zA-Z_][a-zA-Z0-9_]*";this.NR="\\b\\d+(\\.\\d+)?";this.CNR="\\b(0[xX][a-fA-F0-9]+|(\\d+(\\.\\d*)?|\\.\\d+)([eE][-+]?\\d+)?)";this.BNR="\\b(0b[01]+)";this.RSR="!|!=|!==|%|%=|&|&&|&=|\\*|\\*=|\\+|\\+=|,|\\.|-|-=|/|/=|:|;|<|<<|<<=|<=|=|==|===|>|>=|>>|>>=|>>>|>>>=|\\?|\\[|\\{|\\(|\\^|\\^=|\\||\\|=|\\|\\||~";this.ER="(?![\\s\\S])";this.BE={b:"\\\\.",r:0};this.ASM={cN:"string",b:"'",e:"'",i:"\\n",c:[this.BE],r:0};this.QSM={cN:"string",b:'"',e:'"',i:"\\n",c:[this.BE],r:0};this.CLCM={cN:"comment",b:"//",e:"$"};this.CBLCLM={cN:"comment",b:"/\\*",e:"\\*/"};this.HCM={cN:"comment",b:"#",e:"$"};this.NM={cN:"number",b:this.NR,r:0};this.CNM={cN:"number",b:this.CNR,r:0};this.BNM={cN:"number",b:this.BNR,r:0};this.inherit=function(r,s){var p={};for(var q in r){p[q]=r[q]}if(s){for(var q in s){p[q]=s[q]}}return p}}();hljs.LANGUAGES.cpp=function(){var a={keyword:{"false":1,"int":1,"float":1,"while":1,"private":1,"char":1,"catch":1,"export":1,virtual:1,operator:2,sizeof:2,dynamic_cast:2,typedef:2,const_cast:2,"const":1,struct:1,"for":1,static_cast:2,union:1,namespace:1,unsigned:1,"long":1,"throw":1,"volatile":2,"static":1,"protected":1,bool:1,template:1,mutable:1,"if":1,"public":1,friend:2,"do":1,"return":1,"goto":1,auto:1,"void":2,"enum":1,"else":1,"break":1,"new":1,extern:1,using:1,"true":1,"class":1,asm:1,"case":1,typeid:1,"short":1,reinterpret_cast:2,"default":1,"double":1,register:1,explicit:1,signed:1,typename:1,"try":1,"this":1,"switch":1,"continue":1,wchar_t:1,inline:1,"delete":1,alignof:1,char16_t:1,char32_t:1,constexpr:1,decltype:1,noexcept:1,nullptr:1,static_assert:1,thread_local:1,restrict:1,_Bool:1,complex:1},built_in:{std:1,string:1,cin:1,cout:1,cerr:1,clog:1,stringstream:1,istringstream:1,ostringstream:1,auto_ptr:1,deque:1,list:1,queue:1,stack:1,vector:1,map:1,set:1,bitset:1,multiset:1,multimap:1,unordered_set:1,unordered_map:1,unordered_multiset:1,unordered_multimap:1,array:1,shared_ptr:1}};return{dM:{k:a,i:"</",c:[hljs.CLCM,hljs.CBLCLM,hljs.QSM,{cN:"string",b:"'\\\\?.",e:"'",i:"."},{cN:"number",b:"\\b(\\d+(\\.\\d*)?|\\.\\d+)(u|U|l|L|ul|UL|f|F)"},hljs.CNM,{cN:"preprocessor",b:"#",e:"$"},{cN:"stl_container",b:"\\b(deque|list|queue|stack|vector|map|set|bitset|multiset|multimap|unordered_map|unordered_set|unordered_multiset|unordered_multimap|array)\\s*<",e:">",k:a,r:10,c:["self"]}]}}}();hljs.LANGUAGES.r={dM:{c:[hljs.HCM,{cN:"number",b:"\\b0[xX][0-9a-fA-F]+[Li]?\\b",e:hljs.IMMEDIATE_RE,r:0},{cN:"number",b:"\\b\\d+(?:[eE][+\\-]?\\d*)?L\\b",e:hljs.IMMEDIATE_RE,r:0},{cN:"number",b:"\\b\\d+\\.(?!\\d)(?:i\\b)?",e:hljs.IMMEDIATE_RE,r:1},{cN:"number",b:"\\b\\d+(?:\\.\\d*)?(?:[eE][+\\-]?\\d*)?i?\\b",e:hljs.IMMEDIATE_RE,r:0},{cN:"number",b:"\\.\\d+(?:[eE][+\\-]?\\d*)?i?\\b",e:hljs.IMMEDIATE_RE,r:1},{cN:"keyword",b:"(?:tryCatch|library|setGeneric|setGroupGeneric)\\b",e:hljs.IMMEDIATE_RE,r:10},{cN:"keyword",b:"\\.\\.\\.",e:hljs.IMMEDIATE_RE,r:10},{cN:"keyword",b:"\\.\\.\\d+(?![\\w.])",e:hljs.IMMEDIATE_RE,r:10},{cN:"keyword",b:"\\b(?:function)",e:hljs.IMMEDIATE_RE,r:2},{cN:"keyword",b:"(?:if|in|break|next|repeat|else|for|return|switch|while|try|stop|warning|require|attach|detach|source|setMethod|setClass)\\b",e:hljs.IMMEDIATE_RE,r:1},{cN:"literal",b:"(?:NA|NA_integer_|NA_real_|NA_character_|NA_complex_)\\b",e:hljs.IMMEDIATE_RE,r:10},{cN:"literal",b:"(?:NULL|TRUE|FALSE|T|F|Inf|NaN)\\b",e:hljs.IMMEDIATE_RE,r:1},{cN:"identifier",b:"[a-zA-Z.][a-zA-Z0-9._]*\\b",e:hljs.IMMEDIATE_RE,r:0},{cN:"operator",b:"<\\-(?!\\s*\\d)",e:hljs.IMMEDIATE_RE,r:2},{cN:"operator",b:"\\->|<\\-",e:hljs.IMMEDIATE_RE,r:1},{cN:"operator",b:"%%|~",e:hljs.IMMEDIATE_RE},{cN:"operator",b:">=|<=|==|!=|\\|\\||&&|=|\\+|\\-|\\*|/|\\^|>|<|!|&|\\||\\$|:",e:hljs.IMMEDIATE_RE,r:0},{cN:"operator",b:"%",e:"%",i:"\\n",r:1},{cN:"identifier",b:"`",e:"`",r:0},{cN:"string",b:'"',e:'"',c:[hljs.BE],r:0},{cN:"string",b:"'",e:"'",c:[hljs.BE],r:0},{cN:"paren",b:"[[({\\])}]",e:hljs.IMMEDIATE_RE,r:0}]}};
hljs.initHighlightingOnLoad();
</script>



<style type="text/css">
body, td {
   font-family: sans-serif;
   background-color: white;
   font-size: 13px;
}

body {
  max-width: 800px;
  margin: auto;
  padding: 1em;
  line-height: 20px;
}

tt, code, pre {
   font-family: 'DejaVu Sans Mono', 'Droid Sans Mono', 'Lucida Console', Consolas, Monaco, monospace;
}

h1 {
   font-size:2.2em;
}

h2 {
   font-size:1.8em;
}

h3 {
   font-size:1.4em;
}

h4 {
   font-size:1.0em;
}

h5 {
   font-size:0.9em;
}

h6 {
   font-size:0.8em;
}

a:visited {
   color: rgb(50%, 0%, 50%);
}

pre, img {
  max-width: 100%;
}
pre {
  overflow-x: auto;
}
pre code {
   display: block; padding: 0.5em;
}

code {
  font-size: 92%;
  border: 1px solid #ccc;
}

code[class] {
  background-color: #F8F8F8;
}

table, td, th {
  border: none;
}

blockquote {
   color:#666666;
   margin:0;
   padding-left: 1em;
   border-left: 0.5em #EEE solid;
}

hr {
   height: 0px;
   border-bottom: none;
   border-top-width: thin;
   border-top-style: dotted;
   border-top-color: #999999;
}

@media print {
   * {
      background: transparent !important;
      color: black !important;
      filter:none !important;
      -ms-filter: none !important;
   }

   body {
      font-size:12pt;
      max-width:100%;
   }

   a, a:visited {
      text-decoration: underline;
   }

   hr {
      visibility: hidden;
      page-break-before: always;
   }

   pre, blockquote {
      padding-right: 1em;
      page-break-inside: avoid;
   }

   tr, img {
      page-break-inside: avoid;
   }

   img {
      max-width: 100% !important;
   }

   @page :left {
      margin: 15mm 20mm 15mm 10mm;
   }

   @page :right {
      margin: 15mm 10mm 15mm 20mm;
   }

   p, h2, h3 {
      orphans: 3; widows: 3;
   }

   h2, h3 {
      page-break-after: avoid;
   }
}
</style>



</head>

<body>
<h1>Introduction to mbend</h1>

<hr/>

<h2>Description</h2>

<p><em>Bending non-positive-definite (symmetric) matrices to positive-definite, using weighted and unweighted methods</em></p>

<p>The <code>mbend</code> package is used for bending a non-positive-definite matrix to a positive-definite (PD) matrix. For a matrix to be invertible, it has to be PD. The methods of Jorjani et al. (2003) and Schaeffer (2014) are used in this package. The unweighted method of Schaeffer (2014) is also extended to weighted bending, with the possibility of choosing between unweighted and weighted bending.</p>

<h2>Application</h2>

<p>Start with loading the package library:</p>

<pre><code class="r">library(mbend)
</code></pre>

<p>Consider the following non-PD matrix (Jorjani et al., 2003):</p>

<pre><code class="r">V = matrix(nrow=5, ncol=5, c(
  100,  95,  80,  40,  40,
   95, 100,  95,  80,  40,
   80,  95, 100,  95,  80,
   40,  80,  95, 100,  95,
   40,  40,  80,  95, 100))
</code></pre>

<p>The following command can be used to bend matrix <code>V</code> to a PD matrix:</p>

<pre><code class="r">bend(V)
#&gt; Unweighted bending
#&gt; max.iter = 10000
#&gt; small.positive = 1e-04
#&gt; method = hj
#&gt; Initial eigenvalues:
#&gt;   399.475996527606
#&gt;   98.523499553598
#&gt;   23.6468969357859
#&gt;   -3.12289346339295
#&gt;   -18.5234995535981
#&gt; Convergence met after 1 iterations.
#&gt; Final eigenvalues:
#&gt;   399.475996527606
#&gt;   98.5234995535977
#&gt;   23.6468969357859
#&gt;   9.99999999917733e-05
#&gt;   9.99999999516409e-05
#&gt; Range of deviation = -5.9296122425301 6.49734335968796
#&gt; Upper.tri average deviation = 0.72347050463841
#&gt; Minimum absolute deviation = 0.528781551653452 [1,3]
#&gt; Maximum absolute deviation = 6.49734335968796 [4,4]
#&gt; Upper.tri average absolute deviation = 3.37269167108133
#&gt; Upper.tri correlation = 0.985632028210772
#&gt;           [,1]      [,2]      [,3]      [,4]      [,5]
#&gt; [1,] 103.16918  90.83313  79.47122  44.53731  37.07254
#&gt; [2,]  90.83313 106.49734  94.18961  74.07039  44.53731
#&gt; [3,]  79.47122  94.18961 102.31355  94.18961  79.47122
#&gt; [4,]  44.53731  74.07039  94.18961 106.49734  90.83313
#&gt; [5,]  37.07254  44.53731  79.47122  90.83313 103.16918
</code></pre>

<p>The above command is equivalent to <code>bend(inmat=V)</code>, where <code>inmat</code> is the argument that takes the matrix to be bended, or the following command:</p>

<pre><code class="r">bend(V, max.iter=10000, small.positive=0.0001, method=&quot;hj&quot;)
</code></pre>

<p>This runs the unweighted bending method of Jorjani et al. (2003) (<code>method=&quot;hj&quot;</code>), with maximum 10000 number of iterations (<code>max.iter=10000</code>), and eigenvalues smaller than 0.0001 are replaced with this small positive value (<code>small.positive=0.0001</code>). Providing the default parameters, the corresponding arguments can be omitted (e.g., <code>bend(V)</code>).</p>

<p>There might be different precision involved with different elements of a non-PD matrix. In this case, a weighted bending is recommended. Jorjani et al. (2003) used the reciprocal of the number data points in common between pairs of variables, as weights. Considering the following matrix for the number of data points in common between variables (Jorjani et al., 2003):</p>

<pre><code class="r">W = matrix(nrow=5, ncol=5, c(
  1000,  500,   20,   50,  200,
   500, 1000,  500,    5,   50,
    20,  500, 1000,   20,   20,
    50,    5,   20, 1000,  200,
   200,   50,   20,  200, 1000))
</code></pre>

<p>Matrix <code>V</code> is bended using the following command:</p>

<pre><code class="r">bend(inmat=V, wtmat=W, reciprocal=TRUE)
#&gt; Weighted bending
#&gt; reciprocal = TRUE
#&gt; max.iter = 10000
#&gt; small.positive = 1e-04
#&gt; method = hj
#&gt; Initial eigenvalues:
#&gt;   399.475996527606
#&gt;   98.523499553598
#&gt;   23.6468969357859
#&gt;   -3.12289346339295
#&gt;   -18.5234995535981
#&gt; Convergence met after 428 iterations.
#&gt; Final eigenvalues:
#&gt;   387.637738787031
#&gt;   102.03133648365
#&gt;   12.299126553176
#&gt;   7.66787308386723e-05
#&gt;   1.21038807540936e-06
#&gt; Range of deviation = -20.0007908829187 5.84554999273102
#&gt; Upper.tri average deviation = -1.71605829547344
#&gt; Minimum absolute deviation = 0.161540442682281 [1,1]
#&gt; Maximum absolute deviation = 20.0007908829187 [2,4]
#&gt; Upper.tri average absolute deviation = 3.62526845370067
#&gt; Upper.tri correlation = 0.962320607917192
#&gt; 15 Upper.tri elements; for the 15 elements that are not set to constant:
#&gt;   Upper.tri weighted average absolute deviation = 0.610010348402353
#&gt;   Upper.tri weighted correlation = 0.995512129407956
#&gt;           [,1]      [,2]      [,3]      [,4]      [,5]
#&gt; [1,] 100.16154  94.51747  82.93843  43.56681  39.18292
#&gt; [2,]  94.51747 100.62488  93.98150  59.99921  45.84555
#&gt; [3,]  82.93843  93.98150 100.69547  84.89294  73.13431
#&gt; [4,]  43.56681  59.99921  84.89294 100.30697  94.23170
#&gt; [5,]  39.18292  45.84555  73.13431  94.23170 100.17942
</code></pre>

<p>Using <code>wtmat=1/W, reciprocal=FALSE</code>, the argument <code>reciprocal</code> could be omitted, because <code>FALSE</code> is the default parameter for the argument <code>reciprocal</code>. For the same reason, <code>max.iter=10000, small.positive=0.0001, method=&quot;hj&quot;</code> are omitted, unless different parameters are provided to these arguments.</p>

<p>If there is high confidence about some elements of the non-PD matrix to remain unchanged after bending, the corresponding weights are set to zero. For example, to keep the first 2 &times; 2 block of <code>V</code> unchanged during the bending procedure:</p>

<pre><code class="r">W2 = W; W2[1:2, 1:2] = 0
bend(V, W2, reciprocal=TRUE)
#&gt; Weighted bending
#&gt; reciprocal = TRUE
#&gt; max.iter = 10000
#&gt; small.positive = 1e-04
#&gt; method = hj
#&gt; Initial eigenvalues:
#&gt;   399.475996527606
#&gt;   98.523499553598
#&gt;   23.6468969357859
#&gt;   -3.12289346339295
#&gt;   -18.5234995535981
#&gt; Convergence met after 475 iterations.
#&gt; Final eigenvalues:
#&gt;   387.658237440711
#&gt;   102.15441895382
#&gt;   11.4162918091265
#&gt;   7.64681848664974e-05
#&gt;   1.17480224900039e-07
#&gt; Range of deviation = -20.4157775153382 6.15037904095363
#&gt; Upper.tri average deviation = -1.73283635615101
#&gt; Minimum absolute deviation = 0 [1,1]
#&gt; Maximum absolute deviation = 20.4157775153382 [4,2]
#&gt; Upper.tri average absolute deviation = 3.70526947045777
#&gt; Upper.tri correlation = 0.959799073876244
#&gt; 15 Upper.tri elements; for the 12 elements that are not set to constant:
#&gt;   Upper.tri weighted average absolute deviation = 0.770543658780136
#&gt;   Upper.tri weighted correlation = 0.995120937140909
#&gt;           [,1]      [,2]      [,3]      [,4]      [,5]
#&gt; [1,] 100.00000  95.00000  83.70895  43.70489  39.12852
#&gt; [2,]  95.00000 100.00000  93.89940  59.58422  46.15038
#&gt; [3,]  83.70895  93.89940 100.73015  84.47456  72.91450
#&gt; [4,]  43.70489  59.58422  84.47456 100.31566  94.21299
#&gt; [5,]  39.12852  46.15038  72.91450  94.21299 100.18322
</code></pre>

<p>As it can be seen in the report, 3 of the 15 upper triangle elements are set to constant.</p>

<p>To bend <code>V</code> using the method of Schaeffer (2014):</p>

<pre><code class="r">bend(inmat=V, method=&quot;lrs&quot;)
#&gt; Unweighted bending
#&gt; max.iter = 10000
#&gt; method = lrs
#&gt; Initial eigenvalues:
#&gt;   399.475996527606
#&gt;   98.523499553598
#&gt;   23.6468969357859
#&gt;   -3.12289346339295
#&gt;   -18.5234995535981
#&gt; Convergence met after 1 iterations.
#&gt; Final eigenvalues:
#&gt;   399.475996527605
#&gt;   98.5234995535977
#&gt;   23.6468969357859
#&gt;   0.203583282231235
#&gt;   0.0774047769998617
#&gt; Range of deviation = -5.93704734709341 6.54176982926614
#&gt; Upper.tri average deviation = 0.732955037925687
#&gt; Minimum absolute deviation = 0.563235099819792 [3,1]
#&gt; Maximum absolute deviation = 6.54176982926614 [4,4]
#&gt; Upper.tri average absolute deviation = 3.40870716448891
#&gt; Upper.tri correlation = 0.98545110017304
#&gt;           [,1]      [,2]      [,3]      [,4]      [,5]
#&gt; [1,] 103.18978  90.82704  79.43676  44.56754  37.06769
#&gt; [2,]  90.82704 106.54177  94.13680  74.06295  44.56754
#&gt; [3,]  79.43676  94.13680 102.46429  94.13680  79.43676
#&gt; [4,]  44.56754  74.06295  94.13680 106.54177  90.82704
#&gt; [5,]  37.06769  44.56754  79.43676  90.82704 103.18978
</code></pre>

<p>The method of Schaeffer (2014) does not require the argument <code>small.positive</code>, and this argument is ignored. This method is originally an unweighted bending method. However, in this package, it is extended to accommodate weighted bending (i.e., a combination of Schaeffer (2014) and Jorjani et al. (2003) methods). Weighted bending of <code>V</code> with reciprocals of <code>W</code> using the method of Schaeffer (2014):</p>

<pre><code class="r">bend(V, W, reciprocal=TRUE, method=&quot;lrs&quot;)
#&gt; Weighted bending
#&gt; reciprocal = TRUE
#&gt; max.iter = 10000
#&gt; method = lrs
#&gt; Initial eigenvalues:
#&gt;   399.475996527606
#&gt;   98.523499553598
#&gt;   23.6468969357859
#&gt;   -3.12289346339295
#&gt;   -18.5234995535981
#&gt; Convergence met after 787 iterations.
#&gt; Final eigenvalues:
#&gt;   387.636539857614
#&gt;   102.023398559989
#&gt;   12.2826080278304
#&gt;   0.0324216138054008
#&gt;   0.000443532672897638
#&gt; Range of deviation = -19.9923416420825 5.8637972845693
#&gt; Upper.tri average deviation = -1.71580553899355
#&gt; Minimum absolute deviation = 0.161942434558412 [1,1]
#&gt; Maximum absolute deviation = 19.9923416420825 [4,2]
#&gt; Upper.tri average absolute deviation = 3.63380255067224
#&gt; Upper.tri correlation = 0.962240055098133
#&gt; 15 Upper.tri elements; for the 15 elements that are not set to constant:
#&gt;   Upper.tri weighted average absolute deviation = 0.612202615505032
#&gt;   Upper.tri weighted correlation = 0.995488405316724
#&gt;           [,1]      [,2]      [,3]      [,4]      [,5]
#&gt; [1,] 100.16194  94.51554  82.97457  43.57119  39.18071
#&gt; [2,]  94.51554 100.62754  93.97669  60.00766  45.86380
#&gt; [3,]  82.97457  93.97669 100.69806  84.86261  73.10529
#&gt; [4,]  43.57119  60.00766  84.86261 100.30785  94.22946
#&gt; [5,]  39.18071  45.86380  73.10529  94.22946 100.18003
</code></pre>

<p>Function <code>bend</code> automatically considers any matrix with all diagonal elements equal to one, as a correlation matrix. Considering the correlation matrix <code>V2</code> (<code>V</code> converted to a correlation matrix):</p>

<pre><code class="r">V2 = cov2cor(V)
bend(V2, W, reciprocal=TRUE)
#&gt; Weighted bending
#&gt; reciprocal = TRUE
#&gt; max.iter = 10000
#&gt; small.positive = 1e-04
#&gt; method = hj
#&gt; Found a correlation matrix.
#&gt; Initial eigenvalues:
#&gt;   3.99475996527606
#&gt;   0.985234995535981
#&gt;   0.23646896935786
#&gt;   -0.0312289346339294
#&gt;   -0.185234995535981
#&gt; Convergence met after 286 iterations.
#&gt; Final eigenvalues:
#&gt;   3.86884346904565
#&gt;   1.01542046498059
#&gt;   0.115656626525816
#&gt;   7.74077131621184e-05
#&gt;   2.03173477736353e-06
#&gt; Statistics excluding diagonal elements:
#&gt; Range of deviation = -0.199535820290176 0.0630373480880824
#&gt; Upper.tri average deviation = -0.0283824839213205
#&gt; Minimum absolute deviation = 0.00524637203616529 [1,1]
#&gt; Maximum absolute deviation = 0.199535820290176 [2,4]
#&gt; Upper.tri average absolute deviation = 0.0553854809191007
#&gt; Upper.tri correlation = 0.946312783301257
#&gt; 10 Upper.tri elements; for the 10 elements that are not set to constant:
#&gt;   Upper.tri weighted average absolute deviation = 0.0141695879562372
#&gt;   Upper.tri weighted correlation = 0.994254131862483
#&gt;           [,1]      [,2]      [,3]      [,4]      [,5]
#&gt; [1,] 1.0000000 0.9447536 0.8342673 0.4377103 0.3912583
#&gt; [2,] 0.9447536 1.0000000 0.9385087 0.6004642 0.4630373
#&gt; [3,] 0.8342673 0.9385087 1.0000000 0.8394178 0.7248761
#&gt; [4,] 0.4377103 0.6004642 0.8394178 1.0000000 0.9418815
#&gt; [5,] 0.3912583 0.4630373 0.7248761 0.9418815 1.0000000
</code></pre>

<p>As indicated above, diagonal elements are not used in the reporting statistics. This happens to correlation matrices.
Because the argument <code>method</code> is not provided, the default parameter <code>&quot;hj&quot;</code> is used. To do the same using the method of Schaeffer (2014):</p>

<pre><code class="r">bend(V2, W, reciprocal=TRUE, method=&quot;lrs&quot;)
#&gt; Weighted bending
#&gt; reciprocal = TRUE
#&gt; max.iter = 10000
#&gt; method = lrs
#&gt; Found a correlation matrix.
#&gt; Initial eigenvalues:
#&gt;   3.99475996527606
#&gt;   0.985234995535981
#&gt;   0.23646896935786
#&gt;   -0.0312289346339294
#&gt;   -0.185234995535981
#&gt; Convergence met after 700 iterations.
#&gt; Final eigenvalues:
#&gt;   3.86881998612449
#&gt;   1.01533779687542
#&gt;   0.115577591310937
#&gt;   0.000261768738811671
#&gt;   2.85695033471629e-06
#&gt; Statistics excluding diagonal elements:
#&gt; Range of deviation = -0.19940766680859 0.0631892792397414
#&gt; Upper.tri average deviation = -0.0283856208324125
#&gt; Minimum absolute deviation = 0.00526174379216604 [1,1]
#&gt; Maximum absolute deviation = 0.19940766680859 [4,2]
#&gt; Upper.tri average absolute deviation = 0.0554774992677458
#&gt; Upper.tri correlation = 0.946234975233815
#&gt; 10 Upper.tri elements; for the 10 elements that are not set to constant:
#&gt;   Upper.tri weighted average absolute deviation = 0.0142076326019521
#&gt;   Upper.tri weighted correlation = 0.994232700482272
#&gt;           [,1]      [,2]      [,3]      [,4]      [,5]
#&gt; [1,] 1.0000000 0.9447383 0.8345316 0.4377385 0.3912447
#&gt; [2,] 0.9447383 1.0000000 0.9384618 0.6005923 0.4631893
#&gt; [3,] 0.8345316 0.9384618 1.0000000 0.8392102 0.7245638
#&gt; [4,] 0.4377385 0.6005923 0.8392102 1.0000000 0.9418734
#&gt; [5,] 0.3912447 0.4631893 0.7245638 0.9418734 1.0000000
</code></pre>

<p>Bending the same correlation matrix using the unweighted Schaeffer (2014):</p>

<pre><code class="r">bend(V2, method=&quot;lrs&quot;)
#&gt; Unweighted bending
#&gt; max.iter = 10000
#&gt; method = lrs
#&gt; Found a correlation matrix.
#&gt; Initial eigenvalues:
#&gt;   3.99475996527606
#&gt;   0.985234995535981
#&gt;   0.23646896935786
#&gt;   -0.0312289346339294
#&gt;   -0.185234995535981
#&gt; Convergence met after 39 iterations.
#&gt; Final eigenvalues:
#&gt;   3.90836387072011
#&gt;   0.918358999335951
#&gt;   0.165663862030552
#&gt;   0.0071038703941073
#&gt;   0.000509397519274219
#&gt; Statistics excluding diagonal elements:
#&gt; Range of deviation = -0.0788188733585764 0.0716891552890742
#&gt; Upper.tri average deviation = -0.0203850283712788
#&gt; Minimum absolute deviation = 0.0205864131251348 [1,1]
#&gt; Maximum absolute deviation = 0.0788188733585764 [4,2]
#&gt; Upper.tri average absolute deviation = 0.0490606904667602
#&gt; Upper.tri correlation = 0.985404338381732
#&gt;           [,1]      [,2]      [,3]      [,4]      [,5]
#&gt; [1,] 1.0000000 0.8935779 0.7794136 0.4716892 0.3599505
#&gt; [2,] 0.8935779 1.0000000 0.9128285 0.7211811 0.4716892
#&gt; [3,] 0.7794136 0.9128285 1.0000000 0.9128285 0.7794136
#&gt; [4,] 0.4716892 0.7211811 0.9128285 1.0000000 0.8935779
#&gt; [5,] 0.3599505 0.4716892 0.7794136 0.8935779 1.0000000
</code></pre>

<hr/>

<h2>References</h2>

<p>Jorjani, H., Klie. L., &amp; Emanuelson, U. (2000). A simple method for weighted bending of genetic (co)variance matrices. <em>J. Dairy Sci.</em> 86(2): 677&ndash;679. <a href="https://doi.org/10.3168/jds.S0022-0302(03)73646-7">https://doi.org/10.3168/jds.S0022-0302(03)73646-7</a></p>

<p>Schaeffer, L. R. (2014). Making covariance matrices positive definite. Available at: <a href="http://animalbiosciences.uoguelph.ca/%7Elrs/ELARES/PDforce.pdf">http://animalbiosciences.uoguelph.ca/~lrs/ELARES/PDforce.pdf</a></p>

</body>

</html>
